

| Total percentages: | \[0, 1000)    | \[1000, 5000) | \[5000, 12000) | At least 12000 | Total |
| ------------- | ------------- | -------------- | -------------- | ----- | ----- |
| Africa        | 10.7          | 11.7           | 3.1            | 0.5   | 26.0  |
| Asia          | 1.5           | 11.7           | 5.1            | 6.6   | 25.0  |
| Europe        | 0.0           | 3.1            | 2.6            | 15.8  | 21.4  |
| North America | 0.0           | 3.1            | 4.6            | 6.1   | 13.8  |
| Oceania       | 0.0           | 3.6            | 2.0            | 1.5   | 7.1   |
| South America | 0.0           | 0.5            | 3.6            | 2.6   | 6.6   |
| Total         | 12.2          | 33.7           | 20.9           | 33.2  | 100.0 |

1. .
	a. 
		i. 12.2%
		ii. 33.2%
		