![[Pasted image 20231004104527.png]]

| Total percentages: | \[0, 1000)    | \[1000, 5000) | \[5000, 12000) | At least 12000 | Total |
| ------------- | ------------- | -------------- | -------------- | ----- | ----- |
| Africa        | 10.7          | 11.7           | 3.1            | 0.5   | 26.0  |
| Asia          | 1.5           | 11.7           | 5.1            | 6.6   | 25.0  |
| Europe        | 0.0           | 3.1            | 2.6            | 15.8  | 21.4  |
| North America | 0.0           | 3.1            | 4.6            | 6.1   | 13.8  |
| Oceania       | 0.0           | 3.6            | 2.0            | 1.5   | 7.1   |
| South America | 0.0           | 0.5            | 3.6            | 2.6   | 6.6   |
| Total         | 12.2          | 33.7           | 20.9           | 33.2  | 100.0 |

1. 
	1. a)
		1. 12.2%
		2. 33.2%
		3. 
			Africa: 10.7/26.0 = 0.411538461538 ~= 41.15%
			Asia: 1.5/25 = 0.06 ~= 6%
			Europe: 0%
			NA: 0%
			Oceania: 0%
			SA: 0%
		4. 
			Africa: 0.5/26.0 = 0.0192307692308 ~= 1.92%
			Asia: 6.6/25 = 0.264 ~= 26.4%
			Europe: 15.8/21.4 =  0.738317757009 ~= 73.83%
			NA: 6.1/13.8 = 0.442028985507 ~= 44.20%
			Oceania: 1.5/7.1 = 0.211267605634 ~= 21.13%
			SA: 2.6/6.6 = 0.393939393939 ~= 39.39%
		5. No! 
	2. b) ![[Pasted image 20231004104752.png]]
2. 